15.000000 -0.000002478 -0.000442422 0.000042169 -0.000132349 0.000042293 -0.000194901 1.000000000
16.000000 -0.000008243 -0.000562514 0.000036416 -0.000242111 0.000043158 -0.000367802 0.999999940
17.000000 0.000035977 -0.022709601 0.002672579 -0.009779105 0.000419685 0.003107140 0.999947309
18.000000 0.000074380 -0.022637280 0.002754472 -0.009772358 0.000419167 0.003077956 0.999947429
19.000000 0.000079283 -0.022623137 0.002778181 -0.009775206 0.000416114 0.003056429 0.999947488
20.000000 0.000079351 -0.022625528 0.002770737 -0.009773479 0.000415646 0.003059843 0.999947488
21.000000 0.000086369 -0.022619810 0.002793584 -0.009780686 0.000415318 0.003043207 0.999947488
22.000000 0.000086040 -0.022622509 0.002782703 -0.009774824 0.000417378 0.003051713 0.999947488
23.000000 0.000082682 -0.022630429 0.002777040 -0.009783722 0.000417129 0.003046087 0.999947429
24.000000 0.000081913 -0.022624841 0.002785238 -0.009773728 0.000421199 0.003066362 0.999947488
25.000000 0.000079543 -0.022629460 0.002785367 -0.009781904 0.000416470 0.003054648 0.999947429
26.000000 0.000082782 -0.022636833 0.002771882 -0.009776713 0.000413821 0.003068719 0.999947429
27.000000 0.000083662 -0.022627421 0.002790304 -0.009782743 0.000412558 0.003051779 0.999947429
28.000000 0.000084302 -0.022626750 0.002785856 -0.009775949 0.000413216 0.003058957 0.999947488
29.000000 0.000081037 -0.022624675 0.002789371 -0.009783288 0.000413580 0.003047307 0.999947429
30.000000 0.000082922 -0.022624062 0.002784120 -0.009775944 0.000414021 0.003057451 0.999947488
31.000000 0.000064164 -0.022613250 0.002963160 -0.009755095 0.000443086 0.003117621 0.999947488
32.000000 0.000183876 -0.003469202 0.000766225 -0.001276047 0.000069524 0.000343989 0.999999166
33.000000 0.000115103 -0.000553928 0.000540787 -0.000300189 0.000066914 -0.000444919 0.999999881
34.000000 0.000403437 -0.000741231 0.001650178 -0.000359021 0.000148582 -0.000281533 0.999999940
35.000000 0.000190553 -0.001900134 0.002058014 -0.000732692 0.000393567 0.000106886 0.999999642
36.000000 0.000591725 -0.001880637 0.003019197 -0.000762896 0.000444844 0.000161096 0.999999642
37.000000 0.000015071 -0.002892547 0.004501102 -0.001277085 0.000903543 0.000149418 0.999998748
38.000000 0.000545292 -0.002831174 0.005551467 -0.001254122 0.000916422 0.000240708 0.999998808
39.000000 0.000106392 -0.002303779 0.005435576 -0.001069848 0.001098681 -0.000012415 0.999998868
40.000000 0.000192136 -0.002449804 0.006916182 -0.001304248 0.001305424 0.000077814 0.999998271
41.000000 0.000706205 -0.001570912 0.007321688 -0.000804745 0.001233575 0.000002002 0.999998927
42.000000 0.000782643 0.000177316 0.007791108 -0.000214741 0.001357922 -0.000334925 0.999999046
43.000000 0.000798320 0.000407419 0.009042922 -0.000194994 0.001618395 -0.000434762 0.999998629
44.000000 0.001001995 0.000537615 0.010713677 -0.000320603 0.001935315 -0.000465943 0.999998033
45.000000 0.001562004 0.000761380 0.012926121 -0.000205641 0.002107315 -0.000182959 0.999997795
46.000000 0.001329485 0.000282526 0.009855974 -0.000264557 0.001468685 -0.000085323 0.999998927
47.000000 0.001546707 0.001171519 0.016822521 -0.000170569 0.002972367 -0.000300327 0.999995530
48.000000 0.001520146 0.001362626 0.018457850 -0.000203644 0.003364538 -0.000569332 0.999994218
49.000000 0.001815482 0.001644937 0.021183198 -0.000212661 0.003808063 -0.000510206 0.999992669
50.000000 0.002664221 0.001730600 0.021897595 -0.000228810 0.003944732 -0.000280835 0.999992192
51.000000 0.001905603 0.001708695 0.021924214 -0.000223784 0.004312772 -0.000423317 0.999990582
52.000000 0.002361604 0.001728475 0.021962533 -0.000147205 0.004040887 -0.000290025 0.999991834
53.000000 0.002369456 0.001742062 0.022004722 0.000041081 0.004211435 0.000135965 0.999991179
54.000000 0.003197832 0.001957475 0.023747921 -0.000106587 0.004046456 -0.000295973 0.999991834
55.000000 0.004018936 0.002125660 0.025045589 0.000126208 0.003877821 0.000205599 0.999992490
56.000000 0.005195090 0.002309013 0.027457388 -0.000155146 0.003593385 -0.000144462 0.999993563
57.000000 0.005742930 0.002182713 0.028559677 -0.000215581 0.003415594 0.000061416 0.999994218
58.000000 0.006244117 0.002269028 0.029174032 -0.000141120 0.003464411 0.000140026 0.999994040
59.000000 0.007437126 0.002815782 0.032303888 -0.000028796 0.003519892 0.000079145 0.999993861
60.000000 0.008029139 0.003122146 0.036208406 -0.000278206 0.004156068 -0.000457074 0.999991298
61.000000 0.009049390 0.003424189 0.041501343 -0.000573828 0.004334502 -0.000546379 0.999990284
62.000000 0.008338409 0.002751316 0.031389307 -0.000124910 0.002069869 0.000044840 0.999997854
63.000000 0.009713629 0.004092445 0.045048140 -0.000154637 0.005470460 -0.000162794 0.999985039
64.000000 0.010662305 0.004335056 0.048253696 -0.000290958 0.005589216 -0.000131758 0.999984384
65.000000 0.010890662 0.004616708 0.050273143 -0.000049078 0.005954731 0.000043712 0.999982297
66.000000 0.011674747 0.005106927 0.052699469 0.000218879 0.006152909 -0.000074366 0.999981105
67.000000 0.012351907 0.005341486 0.056152698 0.000098302 0.006675540 0.000052628 0.999977767
68.000000 0.011777450 0.004084244 0.042616010 0.000100411 0.002411369 0.000397727 0.999997020
69.000000 0.012453514 0.004292935 0.044605326 0.000140233 0.002393869 0.000393033 0.999997079
70.000000 0.014865404 0.006205490 0.063680075 0.000029850 0.007196823 0.000047512 0.999974191
71.000000 0.015735788 0.006617506 0.065928377 0.000297825 0.007253191 0.000065809 0.999973655
72.000000 0.014328308 0.005027388 0.050532538 0.000258946 0.002655013 0.000452285 0.999996364
73.000000 0.014823271 0.005220176 0.052269455 0.000292919 0.002657598 0.000547174 0.999996305
74.000000 0.015456918 0.005511709 0.054199610 0.000340823 0.002901410 0.000401192 0.999995708
75.000000 0.018861519 0.007792574 0.078028932 0.000087859 0.008247299 0.000067062 0.999966025
76.000000 0.019428646 0.008165741 0.080747411 0.000097478 0.008314955 -0.000100903 0.999965489
77.000000 0.020575304 0.007959524 0.079364121 0.000023946 0.006413142 0.000101991 0.999979496
78.000000 0.021159170 0.008194993 0.081366055 0.000108059 0.006570349 0.000087354 0.999978483
79.000000 0.021552440 0.008957806 0.087134317 0.000265778 0.008738290 0.000102956 0.999961793
80.000000 0.023093542 0.009097965 0.089305505 0.000125748 0.007490468 0.000131051 0.999971986
81.000000 0.023119129 0.009335020 0.092153214 0.000103561 0.008427780 0.000053543 0.999964535
82.000000 0.020052640 0.006869009 0.069204979 -0.000013910 0.003290519 0.000557039 0.999994457
83.000000 0.024780869 0.009919769 0.097508103 0.000102817 0.009223820 0.000344235 0.999957442
84.000000 0.025791615 0.010270592 0.099282898 0.000216326 0.008794498 0.000128384 0.999961317
85.000000 0.021779133 0.007583805 0.073991992 0.000316755 0.003317102 0.001119538 0.999993801
86.000000 0.022394009 0.007775201 0.076062024 0.000217418 0.003453762 0.000899271 0.999993622
87.000000 0.023047194 0.007955416 0.078808628 -0.000005406 0.003797935 0.000785892 0.999992549
88.000000 0.023568010 0.008301090 0.079820506 0.000429888 0.003665315 0.001113813 0.999992609
89.000000 0.024081485 0.008553222 0.082068555 0.000341653 0.003972833 0.001027172 0.999991596
90.000000 0.029474160 0.011202325 0.109147228 -0.000027622 0.008547172 0.000123259 0.999963462
91.000000 0.031609189 0.012028441 0.116402432 -0.000002868 0.009383385 0.000241871 0.999956012
92.000000 0.032244131 0.012500783 0.119165808 0.000221581 0.009686961 0.000306383 0.999953032
93.000000 0.032135654 0.011789512 0.115282901 -0.000063606 0.008781143 0.000323313 0.999961436
94.000000 0.033789497 0.012147746 0.118370160 0.000046009 0.008510105 0.000483957 0.999963701
95.000000 0.032973144 0.012454513 0.120975532 0.000222207 0.009455447 0.000593665 0.999955177
96.000000 0.034738526 0.012602413 0.122781098 -0.000014857 0.009143259 0.000491747 0.999958098
97.000000 0.035180327 0.012810510 0.124440193 0.000002925 0.009333669 0.000369723 0.999956369
98.000000 0.029227782 0.010318106 0.098477490 0.000424340 0.004426212 0.001303728 0.999989271
99.000000 0.036846720 0.013259242 0.128273249 0.000085659 0.009364167 0.000518322 0.999956012
100.000000 0.030449819 0.010732555 0.101887211 0.000510248 0.004415395 0.001450380 0.999989092
101.000000 0.031035125 0.011021611 0.103950791 0.000558528 0.004707725 0.001398833 0.999987841
102.000000 0.031648517 0.011307460 0.106164485 0.000624225 0.004924481 0.001511166 0.999986589
103.000000 0.039693035 0.014364306 0.137695625 0.000137042 0.010185370 0.000577092 0.999947965
104.000000 0.040132355 0.014661595 0.139674395 0.000131631 0.010489873 0.000470887 0.999944925
105.000000 0.040934417 0.015084485 0.142265663 0.000222425 0.010674461 0.000583721 0.999942839
106.000000 0.041961689 0.015246734 0.143724307 0.000535077 0.010552684 0.000950399 0.999943793
107.000000 0.042754184 0.015511759 0.146017149 0.000594163 0.010628508 0.001037521 0.999942839
108.000000 0.035008427 0.012484984 0.116452917 0.000835546 0.005119345 0.001707811 0.999985099
109.000000 0.035604171 0.012678129 0.118571237 0.000837604 0.005414902 0.001650825 0.999983668
110.000000 0.036122635 0.012870718 0.119939752 0.000986776 0.005239296 0.001995240 0.999983788
111.000000 0.036636531 0.013086658 0.121741340 0.000974451 0.005459638 0.001911105 0.999982834
112.000000 0.037093576 0.013272536 0.123407245 0.000988057 0.005709880 0.001987915 0.999981225
113.000000 0.037770767 0.013538439 0.125521183 0.001010373 0.005936651 0.001659221 0.999980569
114.000000 0.038279489 0.013634737 0.126783967 0.000877146 0.005736887 0.001879280 0.999981403
115.000000 0.038909160 0.013871255 0.128728539 0.001042284 0.005816524 0.002005137 0.999980509
116.000000 0.039566707 0.014094109 0.130569771 0.001108846 0.005723871 0.002241220 0.999980509
117.000000 0.040152233 0.014293957 0.132197425 0.001170438 0.005901222 0.002268878 0.999979377
118.000000 0.040840074 0.014520724 0.134322897 0.001073131 0.005965459 0.002176797 0.999979258
119.000000 0.041417595 0.014707015 0.135778606 0.001275942 0.005902271 0.002418790 0.999978900
120.000000 0.042083789 0.015009974 0.137954310 0.001371362 0.006146786 0.002515615 0.999976993
121.000000 0.042604860 0.015099221 0.139257550 0.001368439 0.005978329 0.002578949 0.999977887
122.000000 0.043266661 0.015409873 0.141483679 0.001586563 0.006071710 0.002871002 0.999976158
123.000000 0.043819714 0.015544042 0.142867848 0.001508407 0.006054597 0.002793352 0.999976635
124.000000 0.044341959 0.015804872 0.144693762 0.001478529 0.006192677 0.002546461 0.999976575
125.000000 0.044964682 0.015981257 0.146348953 0.001676433 0.006336690 0.002945604 0.999974191
126.000000 0.045514047 0.016200364 0.148214504 0.001718010 0.006387493 0.003187427 0.999973118
127.000000 0.046069689 0.016355159 0.149618864 0.001724297 0.006600127 0.003162581 0.999971747
128.000000 0.046621986 0.016571334 0.151372179 0.001733398 0.006773683 0.003053743 0.999970973
129.000000 0.047321972 0.016720133 0.153123587 0.001722127 0.006603316 0.003059424 0.999972045
130.000000 0.048304755 0.017053846 0.155350953 0.001962460 0.006511020 0.003354179 0.999971330
131.000000 0.048578124 0.017106619 0.156762108 0.001646254 0.006623128 0.003069161 0.999971986
132.000000 0.049266737 0.017275531 0.158560678 0.001671568 0.006811089 0.003060692 0.999970734
133.000000 0.049676400 0.017487099 0.160245582 0.001754841 0.006938115 0.003339539 0.999968827
134.000000 0.050225448 0.017659439 0.162089378 0.001618700 0.006890295 0.003062937 0.999970257
135.000000 0.051088706 0.017954534 0.164111733 0.002013602 0.006962613 0.003410405 0.999967933
136.000000 0.051877446 0.018211961 0.166076005 0.002181677 0.007014639 0.003677739 0.999966323
137.000000 0.052093703 0.018271659 0.167095438 0.001901572 0.007107173 0.003496673 0.999966860
138.000000 0.052690551 0.018496593 0.169058055 0.001968994 0.007288218 0.003658395 0.999964893
139.000000 0.053246513 0.018623604 0.170592099 0.001828899 0.007245107 0.003411878 0.999966264
140.000000 0.054125201 0.018895701 0.172614619 0.002146834 0.007118742 0.003624596 0.999965787
141.000000 0.054486655 0.019004392 0.174063757 0.001861231 0.007247845 0.003496340 0.999965906
142.000000 0.055308804 0.019295208 0.176192969 0.002061736 0.007345044 0.003657701 0.999964237
143.000000 0.055682376 0.019430177 0.177515969 0.002148025 0.007418536 0.003800334 0.999962986
144.000000 0.056362282 0.019624652 0.179375023 0.001961924 0.007376332 0.003481924 0.999964893
145.000000 0.056907039 0.019807966 0.180916861 0.002154190 0.007431929 0.003913858 0.999962449
146.000000 0.057496354 0.020131804 0.182717070 0.002561078 0.007672247 0.004532998 0.999957025
147.000000 0.058162596 0.020245546 0.184377939 0.002295380 0.007536278 0.004072487 0.999960661
148.000000 0.058918979 0.020464977 0.186200336 0.002454277 0.007610025 0.004496410 0.999957979
149.000000 0.059321228 0.020618469 0.187443301 0.002392213 0.007752536 0.004211300 0.999958217
150.000000 0.060051899 0.020946559 0.189138949 0.002759709 0.007730933 0.004391630 0.999956727
151.000000 0.060592838 0.021047235 0.190689847 0.002624686 0.007791732 0.004399563 0.999956548
152.000000 0.061379738 0.021258879 0.192323834 0.002867767 0.007785337 0.004711539 0.999954522
153.000000 0.061935209 0.021479793 0.194028184 0.002874926 0.007733342 0.004825419 0.999954343
154.000000 0.062885508 0.021486929 0.195169955 0.002542622 0.007379659 0.004554632 0.999959230
155.000000 0.063920453 0.021667117 0.196109980 0.002725521 0.007023448 0.004919912 0.999959588
156.000000 0.064698659 0.021705821 0.196869552 0.002545212 0.006756970 0.004642942 0.999963224
157.000000 0.065627858 0.021787131 0.197704479 0.002363567 0.006335121 0.004542718 0.999966860
158.000000 0.066207200 0.021860620 0.198479638 0.002520644 0.006289802 0.004543385 0.999966741
159.000000 0.067069337 0.022031857 0.199594617 0.002627086 0.006035452 0.004577827 0.999967933
160.000000 0.067994766 0.022163633 0.200594097 0.002705065 0.005994495 0.004796868 0.999966919
161.000000 0.068924218 0.022438189 0.201841503 0.003064497 0.005827429 0.005273889 0.999964416
162.000000 0.069622651 0.022485754 0.202763304 0.002998092 0.005658019 0.005338256 0.999965250
163.000000 0.070486054 0.022568809 0.203919396 0.002832007 0.005515938 0.004885429 0.999968886
164.000000 0.071315907 0.022792110 0.205104426 0.003088257 0.005202699 0.005287210 0.999967754
165.000000 0.072322808 0.022922672 0.206225380 0.003034087 0.004953571 0.005280405 0.999969184
166.000000 0.072901279 0.022886526 0.207312033 0.002591288 0.005058567 0.005030225 0.999971211
167.000000 0.072253428 0.023620434 0.213958547 0.002852974 0.006822379 0.005461519 0.999957800
168.000000 0.072936319 0.023570867 0.215128869 0.002436850 0.006741516 0.004753911 0.999963045
169.000000 0.073260970 0.023919914 0.218197733 0.002528904 0.007142486 0.005016170 0.999958754
170.000000 0.073922254 0.024194345 0.220524713 0.002707651 0.007488462 0.004952185 0.999956071
171.000000 0.074408762 0.024517687 0.222980648 0.002861052 0.007728403 0.005253925 0.999952257
172.000000 0.075095460 0.024622567 0.224754393 0.002682358 0.007805550 0.005197401 0.999952495
173.000000 0.075951450 0.024918651 0.226397648 0.003076870 0.007611211 0.005562971 0.999950826
174.000000 0.076721549 0.024903018 0.227304026 0.002655072 0.007438532 0.005357001 0.999954462
175.000000 0.077556081 0.025053987 0.228671700 0.002758078 0.007369610 0.005265653 0.999955177
176.000000 0.078267954 0.025211085 0.230452240 0.002599972 0.007261825 0.004994525 0.999957800
177.000000 0.078401096 0.025234964 0.230674297 0.002532762 0.007291848 0.004922234 0.999958098
178.000000 0.078849882 0.025310824 0.231414169 0.002262664 0.007174183 0.004600383 0.999961138
179.000000 0.079207033 0.025366895 0.231860116 0.002440104 0.007139041 0.005006255 0.999959052
180.000000 0.079746373 0.025460277 0.232744902 0.002523192 0.007042071 0.005188657 0.999958575
181.000000 0.080095850 0.025657594 0.233787462 0.002801931 0.007022355 0.005411680 0.999956846
182.000000 0.080411121 0.025698347 0.234854996 0.002554664 0.007166982 0.005156706 0.999957740
183.000000 0.080648340 0.025887541 0.236824274 0.002544217 0.007365740 0.005091543 0.999956667
184.000000 0.080922872 0.026042787 0.237838879 0.002514686 0.007612742 0.004862607 0.999956071
185.000000 0.081274331 0.026096985 0.238276526 0.002575838 0.007489621 0.005187936 0.999955177
186.000000 0.081641659 0.026140677 0.238841280 0.002564359 0.007557235 0.005243823 0.999954402
187.000000 0.082139425 0.026295591 0.239485502 0.002884374 0.007325741 0.005444754 0.999954224
188.000000 0.082435086 0.026335455 0.240143359 0.002724119 0.007499899 0.005448470 0.999953330
189.000000 0.082691073 0.026422555 0.240863383 0.002740517 0.007545950 0.005215975 0.999954224
190.000000 0.083155043 0.026411513 0.241561845 0.002514950 0.007490886 0.005061650 0.999956012
191.000000 0.083670191 0.026586194 0.242054835 0.002682605 0.007214717 0.005262871 0.999956548
192.000000 0.084173888 0.026667250 0.242728114 0.003013296 0.007164763 0.005650591 0.999953866
193.000000 0.084299967 0.026608681 0.242243886 -0.006615270 0.000351191 -0.020291207 0.999772191
194.000000 0.083030470 0.026306601 0.239922002 -0.012187609 -0.009424467 -0.035195708 0.999261677
195.000000 0.080966800 0.025976287 0.236934841 -0.014137005 -0.021739712 -0.040975567 0.998823583
196.000000 0.078648835 0.025595561 0.233443692 -0.014199348 -0.035827745 -0.041348215 0.998401284
197.000000 0.076124996 0.025106957 0.229233593 -0.014194884 -0.048530888 -0.041317005 0.997865856
198.000000 0.074408613 0.024648156 0.225671306 -0.013771564 -0.065056905 -0.040757582 0.996953726
199.000000 0.072879769 0.024620451 0.222298592 -0.011233782 -0.082600862 -0.043445963 0.995571911
200.000000 0.072444148 0.024690002 0.220445260 -0.008881322 -0.104019269 -0.045362450 0.993500531
201.000000 0.073322453 0.024532331 0.220072076 -0.008039988 -0.129897147 -0.040739231 0.990657628
202.000000 0.073781423 0.024473175 0.218953446 -0.006515147 -0.153829873 -0.038758796 0.987315416
203.000000 0.074854217 0.024536641 0.218332693 -0.004287590 -0.180151895 -0.037192740 0.982926071
204.000000 0.075865455 0.024525698 0.217164397 -0.002293169 -0.206259295 -0.035122778 0.977864146
205.000000 0.077281982 0.024574060 0.216062099 -0.000107812 -0.234503090 -0.033103626 0.971551538
206.000000 0.077531166 0.024444956 0.215989083 0.001429212 -0.258328676 -0.030221326 0.965583265
207.000000 0.081100628 0.024357360 0.214165121 0.003819480 -0.291136205 -0.026256882 0.956313670
207.000000 0.081100628 0.024357360 0.214165121 0.003819480 -0.291136205 -0.026256882 0.956313670
207.000000 0.081100628 0.024357360 0.214165121 0.003819480 -0.291136205 -0.026256882 0.956313670
207.000000 0.081100628 0.024357360 0.214165121 0.003819480 -0.291136205 -0.026256882 0.956313670
207.000000 0.081100628 0.024357360 0.214165121 0.003819480 -0.291136205 -0.026256882 0.956313670
207.000000 0.081100628 0.024357360 0.214165121 0.003819480 -0.291136205 -0.026256882 0.956313670
207.000000 0.081100628 0.024357360 0.214165121 0.003819480 -0.291136205 -0.026256882 0.956313670
207.000000 0.081100628 0.024357360 0.214165121 0.003819480 -0.291136205 -0.026256882 0.956313670
207.000000 0.081100628 0.024357360 0.214165121 0.003819480 -0.291136205 -0.026256882 0.956313670
207.000000 0.081100628 0.024357360 0.214165121 0.003819480 -0.291136205 -0.026256882 0.956313670
207.000000 0.081100628 0.024357360 0.214165121 0.003819480 -0.291136205 -0.026256882 0.956313670
207.000000 0.081100628 0.024357360 0.214165121 0.003819480 -0.291136205 -0.026256882 0.956313670
207.000000 0.081100628 0.024357360 0.214165121 0.003819480 -0.291136205 -0.026256882 0.956313670
207.000000 0.081100628 0.024357360 0.214165121 0.003819480 -0.291136205 -0.026256882 0.956313670
207.000000 0.081100628 0.024357360 0.214165121 0.003819480 -0.291136205 -0.026256882 0.956313670
207.000000 0.081100628 0.024357360 0.214165121 0.003819480 -0.291136205 -0.026256882 0.956313670
207.000000 0.081100628 0.024357360 0.214165121 0.003819480 -0.291136205 -0.026256882 0.956313670
207.000000 0.081100628 0.024357360 0.214165121 0.003819480 -0.291136205 -0.026256882 0.956313670
207.000000 0.081100628 0.024357360 0.214165121 0.003819480 -0.291136205 -0.026256882 0.956313670
207.000000 0.081100628 0.024357360 0.214165121 0.003819480 -0.291136205 -0.026256882 0.956313670
207.000000 0.081100628 0.024357360 0.214165121 0.003819480 -0.291136205 -0.026256882 0.956313670
207.000000 0.081100628 0.024357360 0.214165121 0.003819480 -0.291136205 -0.026256882 0.956313670
207.000000 0.081100628 0.024357360 0.214165121 0.003819480 -0.291136205 -0.026256882 0.956313670
207.000000 0.081100628 0.024357360 0.214165121 0.003819480 -0.291136205 -0.026256882 0.956313670
207.000000 0.081100628 0.024357360 0.214165121 0.003819480 -0.291136205 -0.026256882 0.956313670
207.000000 0.081100628 0.024357360 0.214165121 0.003819480 -0.291136205 -0.026256882 0.956313670
207.000000 0.081100628 0.024357360 0.214165121 0.003819480 -0.291136205 -0.026256882 0.956313670
207.000000 0.081100628 0.024357360 0.214165121 0.003819480 -0.291136205 -0.026256882 0.956313670
207.000000 0.081100628 0.024357360 0.214165121 0.003819480 -0.291136205 -0.026256882 0.956313670
207.000000 0.081100628 0.024357360 0.214165121 0.003819480 -0.291136205 -0.026256882 0.956313670
207.000000 0.081100628 0.024357360 0.214165121 0.003819480 -0.291136205 -0.026256882 0.956313670
207.000000 0.081100628 0.024357360 0.214165121 0.003819480 -0.291136205 -0.026256882 0.956313670
207.000000 0.081100628 0.024357360 0.214165121 0.003819480 -0.291136205 -0.026256882 0.956313670
207.000000 0.081100628 0.024357360 0.214165121 0.003819480 -0.291136205 -0.026256882 0.956313670
207.000000 0.081100628 0.024357360 0.214165121 0.003819480 -0.291136205 -0.026256882 0.956313670
207.000000 0.081100628 0.024357360 0.214165121 0.003819480 -0.291136205 -0.026256882 0.956313670
207.000000 0.081100628 0.024357360 0.214165121 0.003819480 -0.291136205 -0.026256882 0.956313670
207.000000 0.081100628 0.024357360 0.214165121 0.003819480 -0.291136205 -0.026256882 0.956313670
207.000000 0.081100628 0.024357360 0.214165121 0.003819480 -0.291136205 -0.026256882 0.956313670
207.000000 0.081100628 0.024357360 0.214165121 0.003819480 -0.291136205 -0.026256882 0.956313670
207.000000 0.081100628 0.024357360 0.214165121 0.003819480 -0.291136205 -0.026256882 0.956313670
207.000000 0.081100628 0.024357360 0.214165121 0.003819480 -0.291136205 -0.026256882 0.956313670
207.000000 0.081100628 0.024357360 0.214165121 0.003819480 -0.291136205 -0.026256882 0.956313670
207.000000 0.081100628 0.024357360 0.214165121 0.003819480 -0.291136205 -0.026256882 0.956313670
207.000000 0.081100628 0.024357360 0.214165121 0.003819480 -0.291136205 -0.026256882 0.956313670
207.000000 0.081100628 0.024357360 0.214165121 0.003819480 -0.291136205 -0.026256882 0.956313670
207.000000 0.081100628 0.024357360 0.214165121 0.003819480 -0.291136205 -0.026256882 0.956313670
207.000000 0.081100628 0.024357360 0.214165121 0.003819480 -0.291136205 -0.026256882 0.956313670
207.000000 0.081100628 0.024357360 0.214165121 0.003819480 -0.291136205 -0.026256882 0.956313670
207.000000 0.081100628 0.024357360 0.214165121 0.003819480 -0.291136205 -0.026256882 0.956313670
207.000000 0.081100628 0.024357360 0.214165121 0.003819480 -0.291136205 -0.026256882 0.956313670
207.000000 0.081100628 0.024357360 0.214165121 0.003819480 -0.291136205 -0.026256882 0.956313670
207.000000 0.081100628 0.024357360 0.214165121 0.003819480 -0.291136205 -0.026256882 0.956313670
207.000000 0.081100628 0.024357360 0.214165121 0.003819480 -0.291136205 -0.026256882 0.956313670
207.000000 0.081100628 0.024357360 0.214165121 0.003819480 -0.291136205 -0.026256882 0.956313670
207.000000 0.081100628 0.024357360 0.214165121 0.003819480 -0.291136205 -0.026256882 0.956313670
207.000000 0.081100628 0.024357360 0.214165121 0.003819480 -0.291136205 -0.026256882 0.956313670
207.000000 0.081100628 0.024357360 0.214165121 0.003819480 -0.291136205 -0.026256882 0.956313670
207.000000 0.081100628 0.024357360 0.214165121 0.003819480 -0.291136205 -0.026256882 0.956313670
207.000000 0.081100628 0.024357360 0.214165121 0.003819480 -0.291136205 -0.026256882 0.956313670
207.000000 0.081100628 0.024357360 0.214165121 0.003819480 -0.291136205 -0.026256882 0.956313670
207.000000 0.081100628 0.024357360 0.214165121 0.003819480 -0.291136205 -0.026256882 0.956313670
207.000000 0.081100628 0.024357360 0.214165121 0.003819480 -0.291136205 -0.026256882 0.956313670
207.000000 0.081100628 0.024357360 0.214165121 0.003819480 -0.291136205 -0.026256882 0.956313670
207.000000 0.081100628 0.024357360 0.214165121 0.003819480 -0.291136205 -0.026256882 0.956313670
207.000000 0.081100628 0.024357360 0.214165121 0.003819480 -0.291136205 -0.026256882 0.956313670
207.000000 0.081100628 0.024357360 0.214165121 0.003819480 -0.291136205 -0.026256882 0.956313670
207.000000 0.081100628 0.024357360 0.214165121 0.003819480 -0.291136205 -0.026256882 0.956313670
207.000000 0.081100628 0.024357360 0.214165121 0.003819480 -0.291136205 -0.026256882 0.956313670
207.000000 0.081100628 0.024357360 0.214165121 0.003819480 -0.291136205 -0.026256882 0.956313670
207.000000 0.081100628 0.024357360 0.214165121 0.003819480 -0.291136205 -0.026256882 0.956313670
207.000000 0.081100628 0.024357360 0.214165121 0.003819480 -0.291136205 -0.026256882 0.956313670
207.000000 0.081100628 0.024357360 0.214165121 0.003819480 -0.291136205 -0.026256882 0.956313670
207.000000 0.081100628 0.024357360 0.214165121 0.003819480 -0.291136205 -0.026256882 0.956313670
207.000000 0.081100628 0.024357360 0.214165121 0.003819480 -0.291136205 -0.026256882 0.956313670
207.000000 0.081100628 0.024357360 0.214165121 0.003819480 -0.291136205 -0.026256882 0.956313670
207.000000 0.081100628 0.024357360 0.214165121 0.003819480 -0.291136205 -0.026256882 0.956313670
207.000000 0.081100628 0.024357360 0.214165121 0.003819480 -0.291136205 -0.026256882 0.956313670
207.000000 0.081100628 0.024357360 0.214165121 0.003819480 -0.291136205 -0.026256882 0.956313670
207.000000 0.081100628 0.024357360 0.214165121 0.003819480 -0.291136205 -0.026256882 0.956313670
207.000000 0.081100628 0.024357360 0.214165121 0.003819480 -0.291136205 -0.026256882 0.956313670
207.000000 0.081100628 0.024357360 0.214165121 0.003819480 -0.291136205 -0.026256882 0.956313670
207.000000 0.081100628 0.024357360 0.214165121 0.003819480 -0.291136205 -0.026256882 0.956313670
207.000000 0.081100628 0.024357360 0.214165121 0.003819480 -0.291136205 -0.026256882 0.956313670
207.000000 0.081100628 0.024357360 0.214165121 0.003819480 -0.291136205 -0.026256882 0.956313670
207.000000 0.081100628 0.024357360 0.214165121 0.003819480 -0.291136205 -0.026256882 0.956313670
207.000000 0.081100628 0.024357360 0.214165121 0.003819480 -0.291136205 -0.026256882 0.956313670
207.000000 0.081100628 0.024357360 0.214165121 0.003819480 -0.291136205 -0.026256882 0.956313670
207.000000 0.081100628 0.024357360 0.214165121 0.003819480 -0.291136205 -0.026256882 0.956313670
207.000000 0.081100628 0.024357360 0.214165121 0.003819480 -0.291136205 -0.026256882 0.956313670
207.000000 0.081100628 0.024357360 0.214165121 0.003819480 -0.291136205 -0.026256882 0.956313670
207.000000 0.081100628 0.024357360 0.214165121 0.003819480 -0.291136205 -0.026256882 0.956313670
207.000000 0.081100628 0.024357360 0.214165121 0.003819480 -0.291136205 -0.026256882 0.956313670
207.000000 0.081100628 0.024357360 0.214165121 0.003819480 -0.291136205 -0.026256882 0.956313670
207.000000 0.081100628 0.024357360 0.214165121 0.003819480 -0.291136205 -0.026256882 0.956313670
207.000000 0.081100628 0.024357360 0.214165121 0.003819480 -0.291136205 -0.026256882 0.956313670
207.000000 0.081100628 0.024357360 0.214165121 0.003819480 -0.291136205 -0.026256882 0.956313670
207.000000 0.081100628 0.024357360 0.214165121 0.003819480 -0.291136205 -0.026256882 0.956313670
207.000000 0.081100628 0.024357360 0.214165121 0.003819480 -0.291136205 -0.026256882 0.956313670
207.000000 0.081100628 0.024357360 0.214165121 0.003819480 -0.291136205 -0.026256882 0.956313670
207.000000 0.081100628 0.024357360 0.214165121 0.003819480 -0.291136205 -0.026256882 0.956313670
207.000000 0.081100628 0.024357360 0.214165121 0.003819480 -0.291136205 -0.026256882 0.956313670
207.000000 0.081100628 0.024357360 0.214165121 0.003819480 -0.291136205 -0.026256882 0.956313670
207.000000 0.081100628 0.024357360 0.214165121 0.003819480 -0.291136205 -0.026256882 0.956313670
207.000000 0.081100628 0.024357360 0.214165121 0.003819480 -0.291136205 -0.026256882 0.956313670
207.000000 0.081100628 0.024357360 0.214165121 0.003819480 -0.291136205 -0.026256882 0.956313670
207.000000 0.081100628 0.024357360 0.214165121 0.003819480 -0.291136205 -0.026256882 0.956313670
207.000000 0.081100628 0.024357360 0.214165121 0.003819480 -0.291136205 -0.026256882 0.956313670
207.000000 0.081100628 0.024357360 0.214165121 0.003819480 -0.291136205 -0.026256882 0.956313670
207.000000 0.081100628 0.024357360 0.214165121 0.003819480 -0.291136205 -0.026256882 0.956313670
207.000000 0.081100628 0.024357360 0.214165121 0.003819480 -0.291136205 -0.026256882 0.956313670
207.000000 0.081100628 0.024357360 0.214165121 0.003819480 -0.291136205 -0.026256882 0.956313670
207.000000 0.081100628 0.024357360 0.214165121 0.003819480 -0.291136205 -0.026256882 0.956313670
207.000000 0.081100628 0.024357360 0.214165121 0.003819480 -0.291136205 -0.026256882 0.956313670
207.000000 0.081100628 0.024357360 0.214165121 0.003819480 -0.291136205 -0.026256882 0.956313670
207.000000 0.081100628 0.024357360 0.214165121 0.003819480 -0.291136205 -0.026256882 0.956313670
207.000000 0.081100628 0.024357360 0.214165121 0.003819480 -0.291136205 -0.026256882 0.956313670
207.000000 0.081100628 0.024357360 0.214165121 0.003819480 -0.291136205 -0.026256882 0.956313670
207.000000 0.081100628 0.024357360 0.214165121 0.003819480 -0.291136205 -0.026256882 0.956313670
207.000000 0.081100628 0.024357360 0.214165121 0.003819480 -0.291136205 -0.026256882 0.956313670
207.000000 0.081100628 0.024357360 0.214165121 0.003819480 -0.291136205 -0.026256882 0.956313670
207.000000 0.081100628 0.024357360 0.214165121 0.003819480 -0.291136205 -0.026256882 0.956313670
207.000000 0.081100628 0.024357360 0.214165121 0.003819480 -0.291136205 -0.026256882 0.956313670
207.000000 0.081100628 0.024357360 0.214165121 0.003819480 -0.291136205 -0.026256882 0.956313670
207.000000 0.081100628 0.024357360 0.214165121 0.003819480 -0.291136205 -0.026256882 0.956313670
207.000000 0.081100628 0.024357360 0.214165121 0.003819480 -0.291136205 -0.026256882 0.956313670
207.000000 0.081100628 0.024357360 0.214165121 0.003819480 -0.291136205 -0.026256882 0.956313670
207.000000 0.081100628 0.024357360 0.214165121 0.003819480 -0.291136205 -0.026256882 0.956313670
207.000000 0.081100628 0.024357360 0.214165121 0.003819480 -0.291136205 -0.026256882 0.956313670
207.000000 0.081100628 0.024357360 0.214165121 0.003819480 -0.291136205 -0.026256882 0.956313670
207.000000 0.081100628 0.024357360 0.214165121 0.003819480 -0.291136205 -0.026256882 0.956313670
207.000000 0.081100628 0.024357360 0.214165121 0.003819480 -0.291136205 -0.026256882 0.956313670
207.000000 0.081100628 0.024357360 0.214165121 0.003819480 -0.291136205 -0.026256882 0.956313670
207.000000 0.081100628 0.024357360 0.214165121 0.003819480 -0.291136205 -0.026256882 0.956313670
207.000000 0.081100628 0.024357360 0.214165121 0.003819480 -0.291136205 -0.026256882 0.956313670
207.000000 0.081100628 0.024357360 0.214165121 0.003819480 -0.291136205 -0.026256882 0.956313670
207.000000 0.081100628 0.024357360 0.214165121 0.003819480 -0.291136205 -0.026256882 0.956313670
207.000000 0.081100628 0.024357360 0.214165121 0.003819480 -0.291136205 -0.026256882 0.956313670
207.000000 0.081100628 0.024357360 0.214165121 0.003819480 -0.291136205 -0.026256882 0.956313670
207.000000 0.081100628 0.024357360 0.214165121 0.003819480 -0.291136205 -0.026256882 0.956313670
207.000000 0.081100628 0.024357360 0.214165121 0.003819480 -0.291136205 -0.026256882 0.956313670
207.000000 0.081100628 0.024357360 0.214165121 0.003819480 -0.291136205 -0.026256882 0.956313670
207.000000 0.081100628 0.024357360 0.214165121 0.003819480 -0.291136205 -0.026256882 0.956313670
207.000000 0.081100628 0.024357360 0.214165121 0.003819480 -0.291136205 -0.026256882 0.956313670
207.000000 0.081100628 0.024357360 0.214165121 0.003819480 -0.291136205 -0.026256882 0.956313670
207.000000 0.081100628 0.024357360 0.214165121 0.003819480 -0.291136205 -0.026256882 0.956313670
207.000000 0.081100628 0.024357360 0.214165121 0.003819480 -0.291136205 -0.026256882 0.956313670
207.000000 0.081100628 0.024357360 0.214165121 0.003819480 -0.291136205 -0.026256882 0.956313670
207.000000 0.081100628 0.024357360 0.214165121 0.003819480 -0.291136205 -0.026256882 0.956313670
207.000000 0.081100628 0.024357360 0.214165121 0.003819480 -0.291136205 -0.026256882 0.956313670
207.000000 0.081100628 0.024357360 0.214165121 0.003819480 -0.291136205 -0.026256882 0.956313670
207.000000 0.081100628 0.024357360 0.214165121 0.003819480 -0.291136205 -0.026256882 0.956313670
207.000000 0.081100628 0.024357360 0.214165121 0.003819480 -0.291136205 -0.026256882 0.956313670
207.000000 0.081100628 0.024357360 0.214165121 0.003819480 -0.291136205 -0.026256882 0.956313670
207.000000 0.081100628 0.024357360 0.214165121 0.003819480 -0.291136205 -0.026256882 0.956313670
207.000000 0.081100628 0.024357360 0.214165121 0.003819480 -0.291136205 -0.026256882 0.956313670
207.000000 0.081100628 0.024357360 0.214165121 0.003819480 -0.291136205 -0.026256882 0.956313670
207.000000 0.081100628 0.024357360 0.214165121 0.003819480 -0.291136205 -0.026256882 0.956313670
207.000000 0.081100628 0.024357360 0.214165121 0.003819480 -0.291136205 -0.026256882 0.956313670
207.000000 0.081100628 0.024357360 0.214165121 0.003819480 -0.291136205 -0.026256882 0.956313670
207.000000 0.081100628 0.024357360 0.214165121 0.003819480 -0.291136205 -0.026256882 0.956313670
207.000000 0.081100628 0.024357360 0.214165121 0.003819480 -0.291136205 -0.026256882 0.956313670
207.000000 0.081100628 0.024357360 0.214165121 0.003819480 -0.291136205 -0.026256882 0.956313670
207.000000 0.081100628 0.024357360 0.214165121 0.003819480 -0.291136205 -0.026256882 0.956313670
207.000000 0.081100628 0.024357360 0.214165121 0.003819480 -0.291136205 -0.026256882 0.956313670
207.000000 0.081100628 0.024357360 0.214165121 0.003819480 -0.291136205 -0.026256882 0.956313670
207.000000 0.081100628 0.024357360 0.214165121 0.003819480 -0.291136205 -0.026256882 0.956313670
207.000000 0.081100628 0.024357360 0.214165121 0.003819480 -0.291136205 -0.026256882 0.956313670
207.000000 0.081100628 0.024357360 0.214165121 0.003819480 -0.291136205 -0.026256882 0.956313670
207.000000 0.081100628 0.024357360 0.214165121 0.003819480 -0.291136205 -0.026256882 0.956313670
207.000000 0.081100628 0.024357360 0.214165121 0.003819480 -0.291136205 -0.026256882 0.956313670
207.000000 0.081100628 0.024357360 0.214165121 0.003819480 -0.291136205 -0.026256882 0.956313670
207.000000 0.081100628 0.024357360 0.214165121 0.003819480 -0.291136205 -0.026256882 0.956313670
207.000000 0.081100628 0.024357360 0.214165121 0.003819480 -0.291136205 -0.026256882 0.956313670
207.000000 0.081100628 0.024357360 0.214165121 0.003819480 -0.291136205 -0.026256882 0.956313670
207.000000 0.081100628 0.024357360 0.214165121 0.003819480 -0.291136205 -0.026256882 0.956313670
207.000000 0.081100628 0.024357360 0.214165121 0.003819480 -0.291136205 -0.026256882 0.956313670
207.000000 0.081100628 0.024357360 0.214165121 0.003819480 -0.291136205 -0.026256882 0.956313670
207.000000 0.081100628 0.024357360 0.214165121 0.003819480 -0.291136205 -0.026256882 0.956313670
207.000000 0.081100628 0.024357360 0.214165121 0.003819480 -0.291136205 -0.026256882 0.956313670
207.000000 0.081100628 0.024357360 0.214165121 0.003819480 -0.291136205 -0.026256882 0.956313670
207.000000 0.081100628 0.024357360 0.214165121 0.003819480 -0.291136205 -0.026256882 0.956313670
207.000000 0.081100628 0.024357360 0.214165121 0.003819480 -0.291136205 -0.026256882 0.956313670
207.000000 0.081100628 0.024357360 0.214165121 0.003819480 -0.291136205 -0.026256882 0.956313670
207.000000 0.081100628 0.024357360 0.214165121 0.003819480 -0.291136205 -0.026256882 0.956313670
207.000000 0.081100628 0.024357360 0.214165121 0.003819480 -0.291136205 -0.026256882 0.956313670
207.000000 0.081100628 0.024357360 0.214165121 0.003819480 -0.291136205 -0.026256882 0.956313670
207.000000 0.081100628 0.024357360 0.214165121 0.003819480 -0.291136205 -0.026256882 0.956313670
207.000000 0.081100628 0.024357360 0.214165121 0.003819480 -0.291136205 -0.026256882 0.956313670
207.000000 0.081100628 0.024357360 0.214165121 0.003819480 -0.291136205 -0.026256882 0.956313670
207.000000 0.081100628 0.024357360 0.214165121 0.003819480 -0.291136205 -0.026256882 0.956313670
207.000000 0.081100628 0.024357360 0.214165121 0.003819480 -0.291136205 -0.026256882 0.956313670
207.000000 0.081100628 0.024357360 0.214165121 0.003819480 -0.291136205 -0.026256882 0.956313670
207.000000 0.081100628 0.024357360 0.214165121 0.003819480 -0.291136205 -0.026256882 0.956313670
207.000000 0.081100628 0.024357360 0.214165121 0.003819480 -0.291136205 -0.026256882 0.956313670
207.000000 0.081100628 0.024357360 0.214165121 0.003819480 -0.291136205 -0.026256882 0.956313670
207.000000 0.081100628 0.024357360 0.214165121 0.003819480 -0.291136205 -0.026256882 0.956313670
207.000000 0.081100628 0.024357360 0.214165121 0.003819480 -0.291136205 -0.026256882 0.956313670
207.000000 0.081100628 0.024357360 0.214165121 0.003819480 -0.291136205 -0.026256882 0.956313670
207.000000 0.081100628 0.024357360 0.214165121 0.003819480 -0.291136205 -0.026256882 0.956313670
207.000000 0.081100628 0.024357360 0.214165121 0.003819480 -0.291136205 -0.026256882 0.956313670
207.000000 0.081100628 0.024357360 0.214165121 0.003819480 -0.291136205 -0.026256882 0.956313670
207.000000 0.081100628 0.024357360 0.214165121 0.003819480 -0.291136205 -0.026256882 0.956313670
207.000000 0.081100628 0.024357360 0.214165121 0.003819480 -0.291136205 -0.026256882 0.956313670
207.000000 0.081100628 0.024357360 0.214165121 0.003819480 -0.291136205 -0.026256882 0.956313670
207.000000 0.081100628 0.024357360 0.214165121 0.003819480 -0.291136205 -0.026256882 0.956313670
207.000000 0.081100628 0.024357360 0.214165121 0.003819480 -0.291136205 -0.026256882 0.956313670
207.000000 0.081100628 0.024357360 0.214165121 0.003819480 -0.291136205 -0.026256882 0.956313670
207.000000 0.081100628 0.024357360 0.214165121 0.003819480 -0.291136205 -0.026256882 0.956313670
207.000000 0.081100628 0.024357360 0.214165121 0.003819480 -0.291136205 -0.026256882 0.956313670
207.000000 0.081100628 0.024357360 0.214165121 0.003819480 -0.291136205 -0.026256882 0.956313670
207.000000 0.081100628 0.024357360 0.214165121 0.003819480 -0.291136205 -0.026256882 0.956313670
207.000000 0.081100628 0.024357360 0.214165121 0.003819480 -0.291136205 -0.026256882 0.956313670
207.000000 0.081100628 0.024357360 0.214165121 0.003819480 -0.291136205 -0.026256882 0.956313670
207.000000 0.081100628 0.024357360 0.214165121 0.003819480 -0.291136205 -0.026256882 0.956313670
207.000000 0.081100628 0.024357360 0.214165121 0.003819480 -0.291136205 -0.026256882 0.956313670
207.000000 0.081100628 0.024357360 0.214165121 0.003819480 -0.291136205 -0.026256882 0.956313670
207.000000 0.081100628 0.024357360 0.214165121 0.003819480 -0.291136205 -0.026256882 0.956313670
207.000000 0.081100628 0.024357360 0.214165121 0.003819480 -0.291136205 -0.026256882 0.956313670
207.000000 0.081100628 0.024357360 0.214165121 0.003819480 -0.291136205 -0.026256882 0.956313670
207.000000 0.081100628 0.024357360 0.214165121 0.003819480 -0.291136205 -0.026256882 0.956313670
207.000000 0.081100628 0.024357360 0.214165121 0.003819480 -0.291136205 -0.026256882 0.956313670
207.000000 0.081100628 0.024357360 0.214165121 0.003819480 -0.291136205 -0.026256882 0.956313670
207.000000 0.081100628 0.024357360 0.214165121 0.003819480 -0.291136205 -0.026256882 0.956313670
207.000000 0.081100628 0.024357360 0.214165121 0.003819480 -0.291136205 -0.026256882 0.956313670
207.000000 0.081100628 0.024357360 0.214165121 0.003819480 -0.291136205 -0.026256882 0.956313670
207.000000 0.081100628 0.024357360 0.214165121 0.003819480 -0.291136205 -0.026256882 0.956313670
207.000000 0.081100628 0.024357360 0.214165121 0.003819480 -0.291136205 -0.026256882 0.956313670
207.000000 0.081100628 0.024357360 0.214165121 0.003819480 -0.291136205 -0.026256882 0.956313670
207.000000 0.081100628 0.024357360 0.214165121 0.003819480 -0.291136205 -0.026256882 0.956313670
207.000000 0.081100628 0.024357360 0.214165121 0.003819480 -0.291136205 -0.026256882 0.956313670
207.000000 0.081100628 0.024357360 0.214165121 0.003819480 -0.291136205 -0.026256882 0.956313670
207.000000 0.081100628 0.024357360 0.214165121 0.003819480 -0.291136205 -0.026256882 0.956313670
207.000000 0.081100628 0.024357360 0.214165121 0.003819480 -0.291136205 -0.026256882 0.956313670
207.000000 0.081100628 0.024357360 0.214165121 0.003819480 -0.291136205 -0.026256882 0.956313670
207.000000 0.081100628 0.024357360 0.214165121 0.003819480 -0.291136205 -0.026256882 0.956313670
207.000000 0.081100628 0.024357360 0.214165121 0.003819480 -0.291136205 -0.026256882 0.956313670
207.000000 0.081100628 0.024357360 0.214165121 0.003819480 -0.291136205 -0.026256882 0.956313670
207.000000 0.081100628 0.024357360 0.214165121 0.003819480 -0.291136205 -0.026256882 0.956313670
207.000000 0.081100628 0.024357360 0.214165121 0.003819480 -0.291136205 -0.026256882 0.956313670
207.000000 0.081100628 0.024357360 0.214165121 0.003819480 -0.291136205 -0.026256882 0.956313670
207.000000 0.081100628 0.024357360 0.214165121 0.003819480 -0.291136205 -0.026256882 0.956313670
207.000000 0.081100628 0.024357360 0.214165121 0.003819480 -0.291136205 -0.026256882 0.956313670
207.000000 0.081100628 0.024357360 0.214165121 0.003819480 -0.291136205 -0.026256882 0.956313670
207.000000 0.081100628 0.024357360 0.214165121 0.003819480 -0.291136205 -0.026256882 0.956313670
207.000000 0.081100628 0.024357360 0.214165121 0.003819480 -0.291136205 -0.026256882 0.956313670
207.000000 0.081100628 0.024357360 0.214165121 0.003819480 -0.291136205 -0.026256882 0.956313670
207.000000 0.081100628 0.024357360 0.214165121 0.003819480 -0.291136205 -0.026256882 0.956313670
207.000000 0.081100628 0.024357360 0.214165121 0.003819480 -0.291136205 -0.026256882 0.956313670
207.000000 0.081100628 0.024357360 0.214165121 0.003819480 -0.291136205 -0.026256882 0.956313670
207.000000 0.081100628 0.024357360 0.214165121 0.003819480 -0.291136205 -0.026256882 0.956313670
207.000000 0.081100628 0.024357360 0.214165121 0.003819480 -0.291136205 -0.026256882 0.956313670
207.000000 0.081100628 0.024357360 0.214165121 0.003819480 -0.291136205 -0.026256882 0.956313670
207.000000 0.081100628 0.024357360 0.214165121 0.003819480 -0.291136205 -0.026256882 0.956313670
207.000000 0.081100628 0.024357360 0.214165121 0.003819480 -0.291136205 -0.026256882 0.956313670
207.000000 0.081100628 0.024357360 0.214165121 0.003819480 -0.291136205 -0.026256882 0.956313670
207.000000 0.081100628 0.024357360 0.214165121 0.003819480 -0.291136205 -0.026256882 0.956313670
207.000000 0.081100628 0.024357360 0.214165121 0.003819480 -0.291136205 -0.026256882 0.956313670
207.000000 0.081100628 0.024357360 0.214165121 0.003819480 -0.291136205 -0.026256882 0.956313670
207.000000 0.081100628 0.024357360 0.214165121 0.003819480 -0.291136205 -0.026256882 0.956313670
207.000000 0.081100628 0.024357360 0.214165121 0.003819480 -0.291136205 -0.026256882 0.956313670
207.000000 0.081100628 0.024357360 0.214165121 0.003819480 -0.291136205 -0.026256882 0.956313670
207.000000 0.081100628 0.024357360 0.214165121 0.003819480 -0.291136205 -0.026256882 0.956313670
207.000000 0.081100628 0.024357360 0.214165121 0.003819480 -0.291136205 -0.026256882 0.956313670
207.000000 0.081100628 0.024357360 0.214165121 0.003819480 -0.291136205 -0.026256882 0.956313670
207.000000 0.081100628 0.024357360 0.214165121 0.003819480 -0.291136205 -0.026256882 0.956313670
207.000000 0.081100628 0.024357360 0.214165121 0.003819480 -0.291136205 -0.026256882 0.956313670
207.000000 0.081100628 0.024357360 0.214165121 0.003819480 -0.291136205 -0.026256882 0.956313670
207.000000 0.081100628 0.024357360 0.214165121 0.003819480 -0.291136205 -0.026256882 0.956313670
207.000000 0.081100628 0.024357360 0.214165121 0.003819480 -0.291136205 -0.026256882 0.956313670
207.000000 0.081100628 0.024357360 0.214165121 0.003819480 -0.291136205 -0.026256882 0.956313670
207.000000 0.081100628 0.024357360 0.214165121 0.003819480 -0.291136205 -0.026256882 0.956313670
207.000000 0.081100628 0.024357360 0.214165121 0.003819480 -0.291136205 -0.026256882 0.956313670
207.000000 0.081100628 0.024357360 0.214165121 0.003819480 -0.291136205 -0.026256882 0.956313670
207.000000 0.081100628 0.024357360 0.214165121 0.003819480 -0.291136205 -0.026256882 0.956313670
207.000000 0.081100628 0.024357360 0.214165121 0.003819480 -0.291136205 -0.026256882 0.956313670
207.000000 0.081100628 0.024357360 0.214165121 0.003819480 -0.291136205 -0.026256882 0.956313670
207.000000 0.081100628 0.024357360 0.214165121 0.003819480 -0.291136205 -0.026256882 0.956313670
207.000000 0.081100628 0.024357360 0.214165121 0.003819480 -0.291136205 -0.026256882 0.956313670
207.000000 0.081100628 0.024357360 0.214165121 0.003819480 -0.291136205 -0.026256882 0.956313670
207.000000 0.081100628 0.024357360 0.214165121 0.003819480 -0.291136205 -0.026256882 0.956313670
207.000000 0.081100628 0.024357360 0.214165121 0.003819480 -0.291136205 -0.026256882 0.956313670
207.000000 0.081100628 0.024357360 0.214165121 0.003819480 -0.291136205 -0.026256882 0.956313670
207.000000 0.081100628 0.024357360 0.214165121 0.003819480 -0.291136205 -0.026256882 0.956313670
207.000000 0.081100628 0.024357360 0.214165121 0.003819480 -0.291136205 -0.026256882 0.956313670
207.000000 0.081100628 0.024357360 0.214165121 0.003819480 -0.291136205 -0.026256882 0.956313670
207.000000 0.081100628 0.024357360 0.214165121 0.003819480 -0.291136205 -0.026256882 0.956313670
207.000000 0.081100628 0.024357360 0.214165121 0.003819480 -0.291136205 -0.026256882 0.956313670
207.000000 0.081100628 0.024357360 0.214165121 0.003819480 -0.291136205 -0.026256882 0.956313670
207.000000 0.081100628 0.024357360 0.214165121 0.003819480 -0.291136205 -0.026256882 0.956313670
207.000000 0.081100628 0.024357360 0.214165121 0.003819480 -0.291136205 -0.026256882 0.956313670
207.000000 0.081100628 0.024357360 0.214165121 0.003819480 -0.291136205 -0.026256882 0.956313670
207.000000 0.081100628 0.024357360 0.214165121 0.003819480 -0.291136205 -0.026256882 0.956313670
207.000000 0.081100628 0.024357360 0.214165121 0.003819480 -0.291136205 -0.026256882 0.956313670
207.000000 0.081100628 0.024357360 0.214165121 0.003819480 -0.291136205 -0.026256882 0.956313670
207.000000 0.081100628 0.024357360 0.214165121 0.003819480 -0.291136205 -0.026256882 0.956313670
207.000000 0.081100628 0.024357360 0.214165121 0.003819480 -0.291136205 -0.026256882 0.956313670
207.000000 0.081100628 0.024357360 0.214165121 0.003819480 -0.291136205 -0.026256882 0.956313670
207.000000 0.081100628 0.024357360 0.214165121 0.003819480 -0.291136205 -0.026256882 0.956313670
207.000000 0.081100628 0.024357360 0.214165121 0.003819480 -0.291136205 -0.026256882 0.956313670
207.000000 0.081100628 0.024357360 0.214165121 0.003819480 -0.291136205 -0.026256882 0.956313670
207.000000 0.081100628 0.024357360 0.214165121 0.003819480 -0.291136205 -0.026256882 0.956313670
207.000000 0.081100628 0.024357360 0.214165121 0.003819480 -0.291136205 -0.026256882 0.956313670
207.000000 0.081100628 0.024357360 0.214165121 0.003819480 -0.291136205 -0.026256882 0.956313670
207.000000 0.081100628 0.024357360 0.214165121 0.003819480 -0.291136205 -0.026256882 0.956313670
207.000000 0.081100628 0.024357360 0.214165121 0.003819480 -0.291136205 -0.026256882 0.956313670
207.000000 0.081100628 0.024357360 0.214165121 0.003819480 -0.291136205 -0.026256882 0.956313670
207.000000 0.081100628 0.024357360 0.214165121 0.003819480 -0.291136205 -0.026256882 0.956313670
207.000000 0.081100628 0.024357360 0.214165121 0.003819480 -0.291136205 -0.026256882 0.956313670
207.000000 0.081100628 0.024357360 0.214165121 0.003819480 -0.291136205 -0.026256882 0.956313670
207.000000 0.081100628 0.024357360 0.214165121 0.003819480 -0.291136205 -0.026256882 0.956313670
207.000000 0.081100628 0.024357360 0.214165121 0.003819480 -0.291136205 -0.026256882 0.956313670
207.000000 0.081100628 0.024357360 0.214165121 0.003819480 -0.291136205 -0.026256882 0.956313670
207.000000 0.081100628 0.024357360 0.214165121 0.003819480 -0.291136205 -0.026256882 0.956313670
207.000000 0.081100628 0.024357360 0.214165121 0.003819480 -0.291136205 -0.026256882 0.956313670
207.000000 0.081100628 0.024357360 0.214165121 0.003819480 -0.291136205 -0.026256882 0.956313670
207.000000 0.081100628 0.024357360 0.214165121 0.003819480 -0.291136205 -0.026256882 0.956313670
207.000000 0.081100628 0.024357360 0.214165121 0.003819480 -0.291136205 -0.026256882 0.956313670
207.000000 0.081100628 0.024357360 0.214165121 0.003819480 -0.291136205 -0.026256882 0.956313670
207.000000 0.081100628 0.024357360 0.214165121 0.003819480 -0.291136205 -0.026256882 0.956313670
207.000000 0.081100628 0.024357360 0.214165121 0.003819480 -0.291136205 -0.026256882 0.956313670
207.000000 0.081100628 0.024357360 0.214165121 0.003819480 -0.291136205 -0.026256882 0.956313670
207.000000 0.081100628 0.024357360 0.214165121 0.003819480 -0.291136205 -0.026256882 0.956313670
207.000000 0.081100628 0.024357360 0.214165121 0.003819480 -0.291136205 -0.026256882 0.956313670
207.000000 0.081100628 0.024357360 0.214165121 0.003819480 -0.291136205 -0.026256882 0.956313670
207.000000 0.081100628 0.024357360 0.214165121 0.003819480 -0.291136205 -0.026256882 0.956313670
207.000000 0.081100628 0.024357360 0.214165121 0.003819480 -0.291136205 -0.026256882 0.956313670
207.000000 0.081100628 0.024357360 0.214165121 0.003819480 -0.291136205 -0.026256882 0.956313670
207.000000 0.081100628 0.024357360 0.214165121 0.003819480 -0.291136205 -0.026256882 0.956313670
207.000000 0.081100628 0.024357360 0.214165121 0.003819480 -0.291136205 -0.026256882 0.956313670
207.000000 0.081100628 0.024357360 0.214165121 0.003819480 -0.291136205 -0.026256882 0.956313670
207.000000 0.081100628 0.024357360 0.214165121 0.003819480 -0.291136205 -0.026256882 0.956313670
207.000000 0.081100628 0.024357360 0.214165121 0.003819480 -0.291136205 -0.026256882 0.956313670
207.000000 0.081100628 0.024357360 0.214165121 0.003819480 -0.291136205 -0.026256882 0.956313670
207.000000 0.081100628 0.024357360 0.214165121 0.003819480 -0.291136205 -0.026256882 0.956313670
207.000000 0.081100628 0.024357360 0.214165121 0.003819480 -0.291136205 -0.026256882 0.956313670
207.000000 0.081100628 0.024357360 0.214165121 0.003819480 -0.291136205 -0.026256882 0.956313670
207.000000 0.081100628 0.024357360 0.214165121 0.003819480 -0.291136205 -0.026256882 0.956313670
207.000000 0.081100628 0.024357360 0.214165121 0.003819480 -0.291136205 -0.026256882 0.956313670
207.000000 0.081100628 0.024357360 0.214165121 0.003819480 -0.291136205 -0.026256882 0.956313670
207.000000 0.081100628 0.024357360 0.214165121 0.003819480 -0.291136205 -0.026256882 0.956313670
207.000000 0.081100628 0.024357360 0.214165121 0.003819480 -0.291136205 -0.026256882 0.956313670
207.000000 0.081100628 0.024357360 0.214165121 0.003819480 -0.291136205 -0.026256882 0.956313670
207.000000 0.081100628 0.024357360 0.214165121 0.003819480 -0.291136205 -0.026256882 0.956313670
207.000000 0.081100628 0.024357360 0.214165121 0.003819480 -0.291136205 -0.026256882 0.956313670
207.000000 0.081100628 0.024357360 0.214165121 0.003819480 -0.291136205 -0.026256882 0.956313670
207.000000 0.081100628 0.024357360 0.214165121 0.003819480 -0.291136205 -0.026256882 0.956313670
207.000000 0.081100628 0.024357360 0.214165121 0.003819480 -0.291136205 -0.026256882 0.956313670
207.000000 0.081100628 0.024357360 0.214165121 0.003819480 -0.291136205 -0.026256882 0.956313670
207.000000 0.081100628 0.024357360 0.214165121 0.003819480 -0.291136205 -0.026256882 0.956313670
207.000000 0.081100628 0.024357360 0.214165121 0.003819480 -0.291136205 -0.026256882 0.956313670
207.000000 0.081100628 0.024357360 0.214165121 0.003819480 -0.291136205 -0.026256882 0.956313670
207.000000 0.081100628 0.024357360 0.214165121 0.003819480 -0.291136205 -0.026256882 0.956313670
207.000000 0.081100628 0.024357360 0.214165121 0.003819480 -0.291136205 -0.026256882 0.956313670
207.000000 0.081100628 0.024357360 0.214165121 0.003819480 -0.291136205 -0.026256882 0.956313670
207.000000 0.081100628 0.024357360 0.214165121 0.003819480 -0.291136205 -0.026256882 0.956313670
207.000000 0.081100628 0.024357360 0.214165121 0.003819480 -0.291136205 -0.026256882 0.956313670
207.000000 0.081100628 0.024357360 0.214165121 0.003819480 -0.291136205 -0.026256882 0.956313670
207.000000 0.081100628 0.024357360 0.214165121 0.003819480 -0.291136205 -0.026256882 0.956313670
207.000000 0.081100628 0.024357360 0.214165121 0.003819480 -0.291136205 -0.026256882 0.956313670
207.000000 0.081100628 0.024357360 0.214165121 0.003819480 -0.291136205 -0.026256882 0.956313670
207.000000 0.081100628 0.024357360 0.214165121 0.003819480 -0.291136205 -0.026256882 0.956313670
207.000000 0.081100628 0.024357360 0.214165121 0.003819480 -0.291136205 -0.026256882 0.956313670
207.000000 0.081100628 0.024357360 0.214165121 0.003819480 -0.291136205 -0.026256882 0.956313670
207.000000 0.081100628 0.024357360 0.214165121 0.003819480 -0.291136205 -0.026256882 0.956313670
207.000000 0.081100628 0.024357360 0.214165121 0.003819480 -0.291136205 -0.026256882 0.956313670
207.000000 0.081100628 0.024357360 0.214165121 0.003819480 -0.291136205 -0.026256882 0.956313670
207.000000 0.081100628 0.024357360 0.214165121 0.003819480 -0.291136205 -0.026256882 0.956313670
207.000000 0.081100628 0.024357360 0.214165121 0.003819480 -0.291136205 -0.026256882 0.956313670
207.000000 0.081100628 0.024357360 0.214165121 0.003819480 -0.291136205 -0.026256882 0.956313670
207.000000 0.081100628 0.024357360 0.214165121 0.003819480 -0.291136205 -0.026256882 0.956313670
207.000000 0.081100628 0.024357360 0.214165121 0.003819480 -0.291136205 -0.026256882 0.956313670
207.000000 0.081100628 0.024357360 0.214165121 0.003819480 -0.291136205 -0.026256882 0.956313670
207.000000 0.081100628 0.024357360 0.214165121 0.003819480 -0.291136205 -0.026256882 0.956313670
207.000000 0.081100628 0.024357360 0.214165121 0.003819480 -0.291136205 -0.026256882 0.956313670
207.000000 0.081100628 0.024357360 0.214165121 0.003819480 -0.291136205 -0.026256882 0.956313670
207.000000 0.081100628 0.024357360 0.214165121 0.003819480 -0.291136205 -0.026256882 0.956313670
207.000000 0.081100628 0.024357360 0.214165121 0.003819480 -0.291136205 -0.026256882 0.956313670
207.000000 0.081100628 0.024357360 0.214165121 0.003819480 -0.291136205 -0.026256882 0.956313670
207.000000 0.081100628 0.024357360 0.214165121 0.003819480 -0.291136205 -0.026256882 0.956313670
207.000000 0.081100628 0.024357360 0.214165121 0.003819480 -0.291136205 -0.026256882 0.956313670
207.000000 0.081100628 0.024357360 0.214165121 0.003819480 -0.291136205 -0.026256882 0.956313670
207.000000 0.081100628 0.024357360 0.214165121 0.003819480 -0.291136205 -0.026256882 0.956313670
207.000000 0.081100628 0.024357360 0.214165121 0.003819480 -0.291136205 -0.026256882 0.956313670
207.000000 0.081100628 0.024357360 0.214165121 0.003819480 -0.291136205 -0.026256882 0.956313670
207.000000 0.081100628 0.024357360 0.214165121 0.003819480 -0.291136205 -0.026256882 0.956313670
207.000000 0.081100628 0.024357360 0.214165121 0.003819480 -0.291136205 -0.026256882 0.956313670
207.000000 0.081100628 0.024357360 0.214165121 0.003819480 -0.291136205 -0.026256882 0.956313670
207.000000 0.081100628 0.024357360 0.214165121 0.003819480 -0.291136205 -0.026256882 0.956313670
207.000000 0.081100628 0.024357360 0.214165121 0.003819480 -0.291136205 -0.026256882 0.956313670
207.000000 0.081100628 0.024357360 0.214165121 0.003819480 -0.291136205 -0.026256882 0.956313670
207.000000 0.081100628 0.024357360 0.214165121 0.003819480 -0.291136205 -0.026256882 0.956313670
207.000000 0.081100628 0.024357360 0.214165121 0.003819480 -0.291136205 -0.026256882 0.956313670
207.000000 0.081100628 0.024357360 0.214165121 0.003819480 -0.291136205 -0.026256882 0.956313670
207.000000 0.081100628 0.024357360 0.214165121 0.003819480 -0.291136205 -0.026256882 0.956313670
207.000000 0.081100628 0.024357360 0.214165121 0.003819480 -0.291136205 -0.026256882 0.956313670
207.000000 0.081100628 0.024357360 0.214165121 0.003819480 -0.291136205 -0.026256882 0.956313670
207.000000 0.081100628 0.024357360 0.214165121 0.003819480 -0.291136205 -0.026256882 0.956313670
207.000000 0.081100628 0.024357360 0.214165121 0.003819480 -0.291136205 -0.026256882 0.956313670
207.000000 0.081100628 0.024357360 0.214165121 0.003819480 -0.291136205 -0.026256882 0.956313670
207.000000 0.081100628 0.024357360 0.214165121 0.003819480 -0.291136205 -0.026256882 0.956313670
207.000000 0.081100628 0.024357360 0.214165121 0.003819480 -0.291136205 -0.026256882 0.956313670
207.000000 0.081100628 0.024357360 0.214165121 0.003819480 -0.291136205 -0.026256882 0.956313670
207.000000 0.081100628 0.024357360 0.214165121 0.003819480 -0.291136205 -0.026256882 0.956313670
207.000000 0.081100628 0.024357360 0.214165121 0.003819480 -0.291136205 -0.026256882 0.956313670
207.000000 0.081100628 0.024357360 0.214165121 0.003819480 -0.291136205 -0.026256882 0.956313670
207.000000 0.081100628 0.024357360 0.214165121 0.003819480 -0.291136205 -0.026256882 0.956313670
207.000000 0.081100628 0.024357360 0.214165121 0.003819480 -0.291136205 -0.026256882 0.956313670
207.000000 0.081100628 0.024357360 0.214165121 0.003819480 -0.291136205 -0.026256882 0.956313670
207.000000 0.081100628 0.024357360 0.214165121 0.003819480 -0.291136205 -0.026256882 0.956313670
207.000000 0.081100628 0.024357360 0.214165121 0.003819480 -0.291136205 -0.026256882 0.956313670
207.000000 0.081100628 0.024357360 0.214165121 0.003819480 -0.291136205 -0.026256882 0.956313670
207.000000 0.081100628 0.024357360 0.214165121 0.003819480 -0.291136205 -0.026256882 0.956313670
207.000000 0.081100628 0.024357360 0.214165121 0.003819480 -0.291136205 -0.026256882 0.956313670
207.000000 0.081100628 0.024357360 0.214165121 0.003819480 -0.291136205 -0.026256882 0.956313670
207.000000 0.081100628 0.024357360 0.214165121 0.003819480 -0.291136205 -0.026256882 0.956313670
207.000000 0.081100628 0.024357360 0.214165121 0.003819480 -0.291136205 -0.026256882 0.956313670
207.000000 0.081100628 0.024357360 0.214165121 0.003819480 -0.291136205 -0.026256882 0.956313670
207.000000 0.081100628 0.024357360 0.214165121 0.003819480 -0.291136205 -0.026256882 0.956313670
207.000000 0.081100628 0.024357360 0.214165121 0.003819480 -0.291136205 -0.026256882 0.956313670
207.000000 0.081100628 0.024357360 0.214165121 0.003819480 -0.291136205 -0.026256882 0.956313670
207.000000 0.081100628 0.024357360 0.214165121 0.003819480 -0.291136205 -0.026256882 0.956313670
207.000000 0.081100628 0.024357360 0.214165121 0.003819480 -0.291136205 -0.026256882 0.956313670
207.000000 0.081100628 0.024357360 0.214165121 0.003819480 -0.291136205 -0.026256882 0.956313670
207.000000 0.081100628 0.024357360 0.214165121 0.003819480 -0.291136205 -0.026256882 0.956313670
207.000000 0.081100628 0.024357360 0.214165121 0.003819480 -0.291136205 -0.026256882 0.956313670
207.000000 0.081100628 0.024357360 0.214165121 0.003819480 -0.291136205 -0.026256882 0.956313670
207.000000 0.081100628 0.024357360 0.214165121 0.003819480 -0.291136205 -0.026256882 0.956313670
207.000000 0.081100628 0.024357360 0.214165121 0.003819480 -0.291136205 -0.026256882 0.956313670
207.000000 0.081100628 0.024357360 0.214165121 0.003819480 -0.291136205 -0.026256882 0.956313670
207.000000 0.081100628 0.024357360 0.214165121 0.003819480 -0.291136205 -0.026256882 0.956313670
207.000000 0.081100628 0.024357360 0.214165121 0.003819480 -0.291136205 -0.026256882 0.956313670
207.000000 0.081100628 0.024357360 0.214165121 0.003819480 -0.291136205 -0.026256882 0.956313670
207.000000 0.081100628 0.024357360 0.214165121 0.003819480 -0.291136205 -0.026256882 0.956313670
207.000000 0.081100628 0.024357360 0.214165121 0.003819480 -0.291136205 -0.026256882 0.956313670
207.000000 0.081100628 0.024357360 0.214165121 0.003819480 -0.291136205 -0.026256882 0.956313670
207.000000 0.081100628 0.024357360 0.214165121 0.003819480 -0.291136205 -0.026256882 0.956313670
207.000000 0.081100628 0.024357360 0.214165121 0.003819480 -0.291136205 -0.026256882 0.956313670
207.000000 0.081100628 0.024357360 0.214165121 0.003819480 -0.291136205 -0.026256882 0.956313670
207.000000 0.081100628 0.024357360 0.214165121 0.003819480 -0.291136205 -0.026256882 0.956313670
207.000000 0.081100628 0.024357360 0.214165121 0.003819480 -0.291136205 -0.026256882 0.956313670
207.000000 0.081100628 0.024357360 0.214165121 0.003819480 -0.291136205 -0.026256882 0.956313670
207.000000 0.081100628 0.024357360 0.214165121 0.003819480 -0.291136205 -0.026256882 0.956313670
207.000000 0.081100628 0.024357360 0.214165121 0.003819480 -0.291136205 -0.026256882 0.956313670
207.000000 0.081100628 0.024357360 0.214165121 0.003819480 -0.291136205 -0.026256882 0.956313670
207.000000 0.081100628 0.024357360 0.214165121 0.003819480 -0.291136205 -0.026256882 0.956313670
207.000000 0.081100628 0.024357360 0.214165121 0.003819480 -0.291136205 -0.026256882 0.956313670
207.000000 0.081100628 0.024357360 0.214165121 0.003819480 -0.291136205 -0.026256882 0.956313670
207.000000 0.081100628 0.024357360 0.214165121 0.003819480 -0.291136205 -0.026256882 0.956313670
207.000000 0.081100628 0.024357360 0.214165121 0.003819480 -0.291136205 -0.026256882 0.956313670
207.000000 0.081100628 0.024357360 0.214165121 0.003819480 -0.291136205 -0.026256882 0.956313670
207.000000 0.081100628 0.024357360 0.214165121 0.003819480 -0.291136205 -0.026256882 0.956313670
207.000000 0.081100628 0.024357360 0.214165121 0.003819480 -0.291136205 -0.026256882 0.956313670
207.000000 0.081100628 0.024357360 0.214165121 0.003819480 -0.291136205 -0.026256882 0.956313670
207.000000 0.081100628 0.024357360 0.214165121 0.003819480 -0.291136205 -0.026256882 0.956313670
207.000000 0.081100628 0.024357360 0.214165121 0.003819480 -0.291136205 -0.026256882 0.956313670
207.000000 0.081100628 0.024357360 0.214165121 0.003819480 -0.291136205 -0.026256882 0.956313670
207.000000 0.081100628 0.024357360 0.214165121 0.003819480 -0.291136205 -0.026256882 0.956313670
207.000000 0.081100628 0.024357360 0.214165121 0.003819480 -0.291136205 -0.026256882 0.956313670
207.000000 0.081100628 0.024357360 0.214165121 0.003819480 -0.291136205 -0.026256882 0.956313670
207.000000 0.081100628 0.024357360 0.214165121 0.003819480 -0.291136205 -0.026256882 0.956313670
207.000000 0.081100628 0.024357360 0.214165121 0.003819480 -0.291136205 -0.026256882 0.956313670
207.000000 0.081100628 0.024357360 0.214165121 0.003819480 -0.291136205 -0.026256882 0.956313670
207.000000 0.081100628 0.024357360 0.214165121 0.003819480 -0.291136205 -0.026256882 0.956313670
207.000000 0.081100628 0.024357360 0.214165121 0.003819480 -0.291136205 -0.026256882 0.956313670
207.000000 0.081100628 0.024357360 0.214165121 0.003819480 -0.291136205 -0.026256882 0.956313670
207.000000 0.081100628 0.024357360 0.214165121 0.003819480 -0.291136205 -0.026256882 0.956313670
207.000000 0.081100628 0.024357360 0.214165121 0.003819480 -0.291136205 -0.026256882 0.956313670
207.000000 0.081100628 0.024357360 0.214165121 0.003819480 -0.291136205 -0.026256882 0.956313670
207.000000 0.081100628 0.024357360 0.214165121 0.003819480 -0.291136205 -0.026256882 0.956313670
207.000000 0.081100628 0.024357360 0.214165121 0.003819480 -0.291136205 -0.026256882 0.956313670
207.000000 0.081100628 0.024357360 0.214165121 0.003819480 -0.291136205 -0.026256882 0.956313670
207.000000 0.081100628 0.024357360 0.214165121 0.003819480 -0.291136205 -0.026256882 0.956313670
207.000000 0.081100628 0.024357360 0.214165121 0.003819480 -0.291136205 -0.026256882 0.956313670
