11.000000 0.000000000 0.000000000 0.000000000 -0.000000000 -0.000000000 -0.000000000 1.000000000
15.000000 -0.000002478 -0.000442422 0.000042169 -0.000132348 0.000042293 -0.000194901 1.000000000
16.000000 -0.000008243 -0.000562514 0.000036416 -0.000242111 0.000043158 -0.000367802 0.999999940
33.000000 0.000115103 -0.000553926 0.000540787 -0.000300189 0.000066914 -0.000444919 0.999999881
46.000000 0.001329485 0.000282526 0.009855974 -0.000264557 0.001468685 -0.000085323 0.999998927
62.000000 0.008338409 0.002751317 0.031389304 -0.000124910 0.002069869 0.000044840 0.999997854
68.000000 0.011777450 0.004084244 0.042616010 0.000100411 0.002411369 0.000397727 0.999997020
69.000000 0.012453514 0.004292935 0.044605326 0.000140233 0.002393869 0.000393033 0.999997079
72.000000 0.014328310 0.005027388 0.050532538 0.000258946 0.002655013 0.000452285 0.999996364
73.000000 0.014823271 0.005220176 0.052269455 0.000292919 0.002657598 0.000547174 0.999996305
82.000000 0.020052640 0.006869009 0.069204979 -0.000013910 0.003290519 0.000557039 0.999994457
85.000000 0.021779133 0.007583805 0.073991999 0.000316755 0.003317102 0.001119538 0.999993801
86.000000 0.022394009 0.007775202 0.076062024 0.000217418 0.003453761 0.000899271 0.999993622
88.000000 0.023568010 0.008301090 0.079820514 0.000429888 0.003665315 0.001113813 0.999992609
98.000000 0.029227782 0.010318105 0.098477490 0.000424340 0.004426212 0.001303728 0.999989271
100.000000 0.030449823 0.010732555 0.101887211 0.000510248 0.004415395 0.001450380 0.999989092
108.000000 0.035008430 0.012484984 0.116452917 0.000835546 0.005119344 0.001707811 0.999985099
110.000000 0.036122635 0.012870718 0.119939752 0.000986776 0.005239296 0.001995240 0.999983788
111.000000 0.036636535 0.013086656 0.121741325 0.000974451 0.005459638 0.001911105 0.999982834
112.000000 0.037093572 0.013272536 0.123407245 0.000988057 0.005709880 0.001987915 0.999981225
114.000000 0.038279489 0.013634735 0.126783967 0.000877146 0.005736887 0.001879280 0.999981403
115.000000 0.038909160 0.013871255 0.128728524 0.001042284 0.005816524 0.002005137 0.999980509
116.000000 0.039566707 0.014094107 0.130569771 0.001108846 0.005723872 0.002241220 0.999980509
117.000000 0.040152233 0.014293957 0.132197425 0.001170438 0.005901222 0.002268878 0.999979377
119.000000 0.041417595 0.014707015 0.135778606 0.001275942 0.005902271 0.002418790 0.999978900
121.000000 0.042604860 0.015099223 0.139257550 0.001368439 0.005978329 0.002578949 0.999977887
123.000000 0.043819714 0.015544042 0.142867848 0.001508407 0.006054596 0.002793352 0.999976635
125.000000 0.044964682 0.015981257 0.146348953 0.001676433 0.006336690 0.002945604 0.999974191
127.000000 0.046069689 0.016355159 0.149618849 0.001724297 0.006600127 0.003162581 0.999971747
129.000000 0.047321975 0.016720133 0.153123602 0.001722127 0.006603316 0.003059424 0.999972045
131.000000 0.048578124 0.017106619 0.156762108 0.001646254 0.006623127 0.003069161 0.999971986
133.000000 0.049676403 0.017487099 0.160245582 0.001754841 0.006938115 0.003339539 0.999968827
137.000000 0.052093700 0.018271659 0.167095438 0.001901572 0.007107173 0.003496673 0.999966860
139.000000 0.053246513 0.018623604 0.170592099 0.001828899 0.007245108 0.003411878 0.999966264
141.000000 0.054486655 0.019004390 0.174063742 0.001861231 0.007247844 0.003496340 0.999965906
143.000000 0.055682372 0.019430177 0.177515969 0.002148025 0.007418535 0.003800333 0.999962986
149.000000 0.059321225 0.020618469 0.187443286 0.002392213 0.007752537 0.004211300 0.999958217
151.000000 0.060592834 0.021047236 0.190689847 0.002624686 0.007791732 0.004399563 0.999956548
153.000000 0.061935201 0.021479789 0.194028184 0.002874926 0.007733342 0.004825419 0.999954343
158.000000 0.066207208 0.021860620 0.198479638 0.002520644 0.006289802 0.004543385 0.999966741
162.000000 0.069622651 0.022485754 0.202763304 0.002998092 0.005658019 0.005338256 0.999965250
164.000000 0.071315907 0.022792110 0.205104426 0.003088257 0.005202699 0.005287210 0.999967754
166.000000 0.072901271 0.022886524 0.207312047 0.002591288 0.005058567 0.005030225 0.999971211
168.000000 0.072936319 0.023570869 0.215128869 0.002436850 0.006741515 0.004753911 0.999963045
171.000000 0.074408762 0.024517687 0.222980633 0.002861052 0.007728404 0.005253925 0.999952257
176.000000 0.078267962 0.025211086 0.230452240 0.002599972 0.007261825 0.004994525 0.999957800
179.000000 0.079207040 0.025366895 0.231860116 0.002440104 0.007139041 0.005006255 0.999959052
182.000000 0.080411121 0.025698347 0.234854996 0.002554664 0.007166982 0.005156706 0.999957740
185.000000 0.081274323 0.026096985 0.238276526 0.002575838 0.007489621 0.005187936 0.999955177
188.000000 0.082435086 0.026335455 0.240143344 0.002724119 0.007499899 0.005448470 0.999953330
191.000000 0.083670191 0.026586194 0.242054820 0.002682605 0.007214717 0.005262871 0.999956548
194.000000 0.083030462 0.026306601 0.239922002 -0.012187609 -0.009424467 -0.035195708 0.999261677
196.000000 0.078648835 0.025595561 0.233443692 -0.014199348 -0.035827745 -0.041348215 0.998401284
198.000000 0.074408613 0.024648154 0.225671306 -0.013771564 -0.065056905 -0.040757582 0.996953726
199.000000 0.072879769 0.024620449 0.222298592 -0.011233782 -0.082600862 -0.043445963 0.995571911
201.000000 0.073322468 0.024532333 0.220072106 -0.008039988 -0.129897147 -0.040739231 0.990657628
202.000000 0.073781423 0.024473175 0.218953446 -0.006515147 -0.153829873 -0.038758796 0.987315416
203.000000 0.074854217 0.024536638 0.218332693 -0.004287589 -0.180151895 -0.037192740 0.982926071
204.000000 0.075865462 0.024525702 0.217164397 -0.002293169 -0.206259295 -0.035122778 0.977864146
205.000000 0.077281974 0.024574062 0.216062099 -0.000107812 -0.234503090 -0.033103626 0.971551538
206.000000 0.077531159 0.024444956 0.215989083 0.001429212 -0.258328676 -0.030221326 0.965583265
